{
 "cells": [
  {
   "cell_type": "markdown",
   "id": "e2058806",
   "metadata": {},
   "source": [
    "# 01 - King County House Sales - Exploratory Visual Analysis"
   ]
  },
  {
   "cell_type": "markdown",
   "id": "d3bc0325",
   "metadata": {},
   "source": [
    "### This notebook contains:\n",
    "    01. Importing Libraries\n",
    "    02. Importing Data\n",
    "    03. Preparing Data\n",
    "    04. Correlation Matrix Heatmap\n",
    "    05. Scatterplots\n",
    "    06. Pair Plots\n",
    "    07. Categorical Plot\n",
    "    08. Answering Questions\n",
    "    09. Hypotheses\n",
    "    10. Exporting Data"
   ]
  },
  {
   "cell_type": "markdown",
   "id": "b3c29ee9",
   "metadata": {},
   "source": [
    "## 01. Importing Libraries"
   ]
  },
  {
   "cell_type": "code",
   "execution_count": 1,
   "id": "549039e5",
   "metadata": {},
   "outputs": [],
   "source": [
    "import pandas as pd\n",
    "import numpy as np\n",
    "import seaborn as sns\n",
    "import matplotlib.pyplot as plt\n",
    "import matplotlib\n",
    "import os"
   ]
  },
  {
   "cell_type": "markdown",
   "id": "40705cb8",
   "metadata": {},
   "source": [
    "## 02. Importing Data"
   ]
  },
  {
   "cell_type": "code",
   "execution_count": 2,
   "id": "4f562601",
   "metadata": {},
   "outputs": [],
   "source": [
    "# turning project folder path into string\n",
    "path = r'/Users/lisa/DA Projects/01-2023 King County House Sales'"
   ]
  },
  {
   "cell_type": "code",
   "execution_count": 3,
   "id": "ff1b8211",
   "metadata": {},
   "outputs": [],
   "source": [
    "# importing house sale data\n",
    "dfhs = pd.read_csv(os.path.join(path,'02 Data', 'Prepared Data', 'kc_house_data_clean.csv'), index_col = False)"
   ]
  },
  {
   "cell_type": "markdown",
   "id": "3ecec535",
   "metadata": {},
   "source": [
    "## 03. Preparing Data"
   ]
  },
  {
   "cell_type": "code",
   "execution_count": 4,
   "id": "812ff407",
   "metadata": {},
   "outputs": [
    {
     "data": {
      "text/html": [
       "<div>\n",
       "<style scoped>\n",
       "    .dataframe tbody tr th:only-of-type {\n",
       "        vertical-align: middle;\n",
       "    }\n",
       "\n",
       "    .dataframe tbody tr th {\n",
       "        vertical-align: top;\n",
       "    }\n",
       "\n",
       "    .dataframe thead th {\n",
       "        text-align: right;\n",
       "    }\n",
       "</style>\n",
       "<table border=\"1\" class=\"dataframe\">\n",
       "  <thead>\n",
       "    <tr style=\"text-align: right;\">\n",
       "      <th></th>\n",
       "      <th>Unnamed: 0</th>\n",
       "      <th>id</th>\n",
       "      <th>date</th>\n",
       "      <th>price</th>\n",
       "      <th>bedrooms</th>\n",
       "      <th>bathrooms</th>\n",
       "      <th>sqft_living</th>\n",
       "      <th>sqft_lot</th>\n",
       "      <th>floors</th>\n",
       "      <th>waterfront</th>\n",
       "      <th>...</th>\n",
       "      <th>grade</th>\n",
       "      <th>sqft_above</th>\n",
       "      <th>sqft_basement</th>\n",
       "      <th>yr_built</th>\n",
       "      <th>yr_renovated</th>\n",
       "      <th>zipcode</th>\n",
       "      <th>lat</th>\n",
       "      <th>long</th>\n",
       "      <th>sqft_living15</th>\n",
       "      <th>sqft_lot15</th>\n",
       "    </tr>\n",
       "  </thead>\n",
       "  <tbody>\n",
       "    <tr>\n",
       "      <th>0</th>\n",
       "      <td>0</td>\n",
       "      <td>7129300520</td>\n",
       "      <td>20141013T000000</td>\n",
       "      <td>221900.0</td>\n",
       "      <td>3</td>\n",
       "      <td>1.00</td>\n",
       "      <td>1180</td>\n",
       "      <td>5650</td>\n",
       "      <td>1.0</td>\n",
       "      <td>0</td>\n",
       "      <td>...</td>\n",
       "      <td>7</td>\n",
       "      <td>1180</td>\n",
       "      <td>0</td>\n",
       "      <td>1955</td>\n",
       "      <td>0</td>\n",
       "      <td>98178</td>\n",
       "      <td>47.5112</td>\n",
       "      <td>-122.257</td>\n",
       "      <td>1340</td>\n",
       "      <td>5650</td>\n",
       "    </tr>\n",
       "    <tr>\n",
       "      <th>1</th>\n",
       "      <td>1</td>\n",
       "      <td>6414100192</td>\n",
       "      <td>20141209T000000</td>\n",
       "      <td>538000.0</td>\n",
       "      <td>3</td>\n",
       "      <td>2.25</td>\n",
       "      <td>2570</td>\n",
       "      <td>7242</td>\n",
       "      <td>2.0</td>\n",
       "      <td>0</td>\n",
       "      <td>...</td>\n",
       "      <td>7</td>\n",
       "      <td>2170</td>\n",
       "      <td>400</td>\n",
       "      <td>1951</td>\n",
       "      <td>1991</td>\n",
       "      <td>98125</td>\n",
       "      <td>47.7210</td>\n",
       "      <td>-122.319</td>\n",
       "      <td>1690</td>\n",
       "      <td>7639</td>\n",
       "    </tr>\n",
       "    <tr>\n",
       "      <th>2</th>\n",
       "      <td>2</td>\n",
       "      <td>5631500400</td>\n",
       "      <td>20150225T000000</td>\n",
       "      <td>180000.0</td>\n",
       "      <td>2</td>\n",
       "      <td>1.00</td>\n",
       "      <td>770</td>\n",
       "      <td>10000</td>\n",
       "      <td>1.0</td>\n",
       "      <td>0</td>\n",
       "      <td>...</td>\n",
       "      <td>6</td>\n",
       "      <td>770</td>\n",
       "      <td>0</td>\n",
       "      <td>1933</td>\n",
       "      <td>0</td>\n",
       "      <td>98028</td>\n",
       "      <td>47.7379</td>\n",
       "      <td>-122.233</td>\n",
       "      <td>2720</td>\n",
       "      <td>8062</td>\n",
       "    </tr>\n",
       "    <tr>\n",
       "      <th>3</th>\n",
       "      <td>3</td>\n",
       "      <td>2487200875</td>\n",
       "      <td>20141209T000000</td>\n",
       "      <td>604000.0</td>\n",
       "      <td>4</td>\n",
       "      <td>3.00</td>\n",
       "      <td>1960</td>\n",
       "      <td>5000</td>\n",
       "      <td>1.0</td>\n",
       "      <td>0</td>\n",
       "      <td>...</td>\n",
       "      <td>7</td>\n",
       "      <td>1050</td>\n",
       "      <td>910</td>\n",
       "      <td>1965</td>\n",
       "      <td>0</td>\n",
       "      <td>98136</td>\n",
       "      <td>47.5208</td>\n",
       "      <td>-122.393</td>\n",
       "      <td>1360</td>\n",
       "      <td>5000</td>\n",
       "    </tr>\n",
       "    <tr>\n",
       "      <th>4</th>\n",
       "      <td>4</td>\n",
       "      <td>1954400510</td>\n",
       "      <td>20150218T000000</td>\n",
       "      <td>510000.0</td>\n",
       "      <td>3</td>\n",
       "      <td>2.00</td>\n",
       "      <td>1680</td>\n",
       "      <td>8080</td>\n",
       "      <td>1.0</td>\n",
       "      <td>0</td>\n",
       "      <td>...</td>\n",
       "      <td>8</td>\n",
       "      <td>1680</td>\n",
       "      <td>0</td>\n",
       "      <td>1987</td>\n",
       "      <td>0</td>\n",
       "      <td>98074</td>\n",
       "      <td>47.6168</td>\n",
       "      <td>-122.045</td>\n",
       "      <td>1800</td>\n",
       "      <td>7503</td>\n",
       "    </tr>\n",
       "  </tbody>\n",
       "</table>\n",
       "<p>5 rows × 22 columns</p>\n",
       "</div>"
      ],
      "text/plain": [
       "   Unnamed: 0          id             date     price  bedrooms  bathrooms  \\\n",
       "0           0  7129300520  20141013T000000  221900.0         3       1.00   \n",
       "1           1  6414100192  20141209T000000  538000.0         3       2.25   \n",
       "2           2  5631500400  20150225T000000  180000.0         2       1.00   \n",
       "3           3  2487200875  20141209T000000  604000.0         4       3.00   \n",
       "4           4  1954400510  20150218T000000  510000.0         3       2.00   \n",
       "\n",
       "   sqft_living  sqft_lot  floors  waterfront  ...  grade  sqft_above  \\\n",
       "0         1180      5650     1.0           0  ...      7        1180   \n",
       "1         2570      7242     2.0           0  ...      7        2170   \n",
       "2          770     10000     1.0           0  ...      6         770   \n",
       "3         1960      5000     1.0           0  ...      7        1050   \n",
       "4         1680      8080     1.0           0  ...      8        1680   \n",
       "\n",
       "   sqft_basement  yr_built  yr_renovated  zipcode      lat     long  \\\n",
       "0              0      1955             0    98178  47.5112 -122.257   \n",
       "1            400      1951          1991    98125  47.7210 -122.319   \n",
       "2              0      1933             0    98028  47.7379 -122.233   \n",
       "3            910      1965             0    98136  47.5208 -122.393   \n",
       "4              0      1987             0    98074  47.6168 -122.045   \n",
       "\n",
       "   sqft_living15  sqft_lot15  \n",
       "0           1340        5650  \n",
       "1           1690        7639  \n",
       "2           2720        8062  \n",
       "3           1360        5000  \n",
       "4           1800        7503  \n",
       "\n",
       "[5 rows x 22 columns]"
      ]
     },
     "execution_count": 4,
     "metadata": {},
     "output_type": "execute_result"
    }
   ],
   "source": [
    "# check\n",
    "dfhs.head()"
   ]
  },
  {
   "cell_type": "code",
   "execution_count": 5,
   "id": "3c888e49",
   "metadata": {},
   "outputs": [],
   "source": [
    "# creating sub without unneeded variables\n",
    "sub=dfhs.drop(columns=['Unnamed: 0','id','date'])"
   ]
  },
  {
   "cell_type": "code",
   "execution_count": 6,
   "id": "e48a034f",
   "metadata": {},
   "outputs": [
    {
     "data": {
      "text/html": [
       "<div>\n",
       "<style scoped>\n",
       "    .dataframe tbody tr th:only-of-type {\n",
       "        vertical-align: middle;\n",
       "    }\n",
       "\n",
       "    .dataframe tbody tr th {\n",
       "        vertical-align: top;\n",
       "    }\n",
       "\n",
       "    .dataframe thead th {\n",
       "        text-align: right;\n",
       "    }\n",
       "</style>\n",
       "<table border=\"1\" class=\"dataframe\">\n",
       "  <thead>\n",
       "    <tr style=\"text-align: right;\">\n",
       "      <th></th>\n",
       "      <th>price</th>\n",
       "      <th>bedrooms</th>\n",
       "      <th>bathrooms</th>\n",
       "      <th>sqft_living</th>\n",
       "      <th>sqft_lot</th>\n",
       "      <th>floors</th>\n",
       "      <th>waterfront</th>\n",
       "      <th>view</th>\n",
       "      <th>condition</th>\n",
       "      <th>grade</th>\n",
       "      <th>sqft_above</th>\n",
       "      <th>sqft_basement</th>\n",
       "      <th>yr_built</th>\n",
       "      <th>yr_renovated</th>\n",
       "      <th>zipcode</th>\n",
       "      <th>lat</th>\n",
       "      <th>long</th>\n",
       "      <th>sqft_living15</th>\n",
       "      <th>sqft_lot15</th>\n",
       "    </tr>\n",
       "  </thead>\n",
       "  <tbody>\n",
       "    <tr>\n",
       "      <th>0</th>\n",
       "      <td>221900.0</td>\n",
       "      <td>3</td>\n",
       "      <td>1.00</td>\n",
       "      <td>1180</td>\n",
       "      <td>5650</td>\n",
       "      <td>1.0</td>\n",
       "      <td>0</td>\n",
       "      <td>0</td>\n",
       "      <td>3</td>\n",
       "      <td>7</td>\n",
       "      <td>1180</td>\n",
       "      <td>0</td>\n",
       "      <td>1955</td>\n",
       "      <td>0</td>\n",
       "      <td>98178</td>\n",
       "      <td>47.5112</td>\n",
       "      <td>-122.257</td>\n",
       "      <td>1340</td>\n",
       "      <td>5650</td>\n",
       "    </tr>\n",
       "    <tr>\n",
       "      <th>1</th>\n",
       "      <td>538000.0</td>\n",
       "      <td>3</td>\n",
       "      <td>2.25</td>\n",
       "      <td>2570</td>\n",
       "      <td>7242</td>\n",
       "      <td>2.0</td>\n",
       "      <td>0</td>\n",
       "      <td>0</td>\n",
       "      <td>3</td>\n",
       "      <td>7</td>\n",
       "      <td>2170</td>\n",
       "      <td>400</td>\n",
       "      <td>1951</td>\n",
       "      <td>1991</td>\n",
       "      <td>98125</td>\n",
       "      <td>47.7210</td>\n",
       "      <td>-122.319</td>\n",
       "      <td>1690</td>\n",
       "      <td>7639</td>\n",
       "    </tr>\n",
       "    <tr>\n",
       "      <th>2</th>\n",
       "      <td>180000.0</td>\n",
       "      <td>2</td>\n",
       "      <td>1.00</td>\n",
       "      <td>770</td>\n",
       "      <td>10000</td>\n",
       "      <td>1.0</td>\n",
       "      <td>0</td>\n",
       "      <td>0</td>\n",
       "      <td>3</td>\n",
       "      <td>6</td>\n",
       "      <td>770</td>\n",
       "      <td>0</td>\n",
       "      <td>1933</td>\n",
       "      <td>0</td>\n",
       "      <td>98028</td>\n",
       "      <td>47.7379</td>\n",
       "      <td>-122.233</td>\n",
       "      <td>2720</td>\n",
       "      <td>8062</td>\n",
       "    </tr>\n",
       "    <tr>\n",
       "      <th>3</th>\n",
       "      <td>604000.0</td>\n",
       "      <td>4</td>\n",
       "      <td>3.00</td>\n",
       "      <td>1960</td>\n",
       "      <td>5000</td>\n",
       "      <td>1.0</td>\n",
       "      <td>0</td>\n",
       "      <td>0</td>\n",
       "      <td>5</td>\n",
       "      <td>7</td>\n",
       "      <td>1050</td>\n",
       "      <td>910</td>\n",
       "      <td>1965</td>\n",
       "      <td>0</td>\n",
       "      <td>98136</td>\n",
       "      <td>47.5208</td>\n",
       "      <td>-122.393</td>\n",
       "      <td>1360</td>\n",
       "      <td>5000</td>\n",
       "    </tr>\n",
       "    <tr>\n",
       "      <th>4</th>\n",
       "      <td>510000.0</td>\n",
       "      <td>3</td>\n",
       "      <td>2.00</td>\n",
       "      <td>1680</td>\n",
       "      <td>8080</td>\n",
       "      <td>1.0</td>\n",
       "      <td>0</td>\n",
       "      <td>0</td>\n",
       "      <td>3</td>\n",
       "      <td>8</td>\n",
       "      <td>1680</td>\n",
       "      <td>0</td>\n",
       "      <td>1987</td>\n",
       "      <td>0</td>\n",
       "      <td>98074</td>\n",
       "      <td>47.6168</td>\n",
       "      <td>-122.045</td>\n",
       "      <td>1800</td>\n",
       "      <td>7503</td>\n",
       "    </tr>\n",
       "  </tbody>\n",
       "</table>\n",
       "</div>"
      ],
      "text/plain": [
       "      price  bedrooms  bathrooms  sqft_living  sqft_lot  floors  waterfront  \\\n",
       "0  221900.0         3       1.00         1180      5650     1.0           0   \n",
       "1  538000.0         3       2.25         2570      7242     2.0           0   \n",
       "2  180000.0         2       1.00          770     10000     1.0           0   \n",
       "3  604000.0         4       3.00         1960      5000     1.0           0   \n",
       "4  510000.0         3       2.00         1680      8080     1.0           0   \n",
       "\n",
       "   view  condition  grade  sqft_above  sqft_basement  yr_built  yr_renovated  \\\n",
       "0     0          3      7        1180              0      1955             0   \n",
       "1     0          3      7        2170            400      1951          1991   \n",
       "2     0          3      6         770              0      1933             0   \n",
       "3     0          5      7        1050            910      1965             0   \n",
       "4     0          3      8        1680              0      1987             0   \n",
       "\n",
       "   zipcode      lat     long  sqft_living15  sqft_lot15  \n",
       "0    98178  47.5112 -122.257           1340        5650  \n",
       "1    98125  47.7210 -122.319           1690        7639  \n",
       "2    98028  47.7379 -122.233           2720        8062  \n",
       "3    98136  47.5208 -122.393           1360        5000  \n",
       "4    98074  47.6168 -122.045           1800        7503  "
      ]
     },
     "execution_count": 6,
     "metadata": {},
     "output_type": "execute_result"
    }
   ],
   "source": [
    "# check\n",
    "sub.head()"
   ]
  },
  {
   "cell_type": "code",
   "execution_count": 7,
   "id": "fecc5db7",
   "metadata": {},
   "outputs": [
    {
     "data": {
      "text/plain": [
       "(21596, 19)"
      ]
     },
     "execution_count": 7,
     "metadata": {},
     "output_type": "execute_result"
    }
   ],
   "source": [
    "sub.shape"
   ]
  },
  {
   "cell_type": "markdown",
   "id": "5564521b",
   "metadata": {},
   "source": [
    "## 04. Correlation Matrix Heatmap"
   ]
  },
  {
   "cell_type": "code",
   "execution_count": 8,
   "id": "37e64d9d",
   "metadata": {},
   "outputs": [
    {
     "data": {
      "text/html": [
       "<div>\n",
       "<style scoped>\n",
       "    .dataframe tbody tr th:only-of-type {\n",
       "        vertical-align: middle;\n",
       "    }\n",
       "\n",
       "    .dataframe tbody tr th {\n",
       "        vertical-align: top;\n",
       "    }\n",
       "\n",
       "    .dataframe thead th {\n",
       "        text-align: right;\n",
       "    }\n",
       "</style>\n",
       "<table border=\"1\" class=\"dataframe\">\n",
       "  <thead>\n",
       "    <tr style=\"text-align: right;\">\n",
       "      <th></th>\n",
       "      <th>price</th>\n",
       "      <th>bedrooms</th>\n",
       "      <th>bathrooms</th>\n",
       "      <th>sqft_living</th>\n",
       "      <th>sqft_lot</th>\n",
       "      <th>floors</th>\n",
       "      <th>waterfront</th>\n",
       "      <th>view</th>\n",
       "      <th>condition</th>\n",
       "      <th>grade</th>\n",
       "      <th>sqft_above</th>\n",
       "      <th>sqft_basement</th>\n",
       "      <th>yr_built</th>\n",
       "      <th>yr_renovated</th>\n",
       "      <th>zipcode</th>\n",
       "      <th>lat</th>\n",
       "      <th>long</th>\n",
       "      <th>sqft_living15</th>\n",
       "      <th>sqft_lot15</th>\n",
       "    </tr>\n",
       "  </thead>\n",
       "  <tbody>\n",
       "    <tr>\n",
       "      <th>price</th>\n",
       "      <td>1.000000</td>\n",
       "      <td>0.315966</td>\n",
       "      <td>0.525915</td>\n",
       "      <td>0.701921</td>\n",
       "      <td>0.089885</td>\n",
       "      <td>0.256831</td>\n",
       "      <td>0.266438</td>\n",
       "      <td>0.397323</td>\n",
       "      <td>0.036000</td>\n",
       "      <td>0.667935</td>\n",
       "      <td>0.605395</td>\n",
       "      <td>0.323772</td>\n",
       "      <td>0.053995</td>\n",
       "      <td>0.126418</td>\n",
       "      <td>-0.053443</td>\n",
       "      <td>0.306772</td>\n",
       "      <td>0.022103</td>\n",
       "      <td>0.585273</td>\n",
       "      <td>0.082841</td>\n",
       "    </tr>\n",
       "    <tr>\n",
       "      <th>bedrooms</th>\n",
       "      <td>0.315966</td>\n",
       "      <td>1.000000</td>\n",
       "      <td>0.527870</td>\n",
       "      <td>0.593178</td>\n",
       "      <td>0.033602</td>\n",
       "      <td>0.183707</td>\n",
       "      <td>-0.006869</td>\n",
       "      <td>0.082437</td>\n",
       "      <td>0.023440</td>\n",
       "      <td>0.366174</td>\n",
       "      <td>0.492543</td>\n",
       "      <td>0.309261</td>\n",
       "      <td>0.160736</td>\n",
       "      <td>0.019160</td>\n",
       "      <td>-0.158588</td>\n",
       "      <td>-0.011595</td>\n",
       "      <td>0.136561</td>\n",
       "      <td>0.404532</td>\n",
       "      <td>0.031892</td>\n",
       "    </tr>\n",
       "    <tr>\n",
       "      <th>bathrooms</th>\n",
       "      <td>0.525915</td>\n",
       "      <td>0.527870</td>\n",
       "      <td>1.000000</td>\n",
       "      <td>0.755755</td>\n",
       "      <td>0.088368</td>\n",
       "      <td>0.502574</td>\n",
       "      <td>0.063742</td>\n",
       "      <td>0.188381</td>\n",
       "      <td>-0.126443</td>\n",
       "      <td>0.665834</td>\n",
       "      <td>0.686664</td>\n",
       "      <td>0.283459</td>\n",
       "      <td>0.507166</td>\n",
       "      <td>0.050540</td>\n",
       "      <td>-0.204778</td>\n",
       "      <td>0.024301</td>\n",
       "      <td>0.224889</td>\n",
       "      <td>0.569878</td>\n",
       "      <td>0.088297</td>\n",
       "    </tr>\n",
       "    <tr>\n",
       "      <th>sqft_living</th>\n",
       "      <td>0.701921</td>\n",
       "      <td>0.593178</td>\n",
       "      <td>0.755755</td>\n",
       "      <td>1.000000</td>\n",
       "      <td>0.173449</td>\n",
       "      <td>0.353941</td>\n",
       "      <td>0.103853</td>\n",
       "      <td>0.284704</td>\n",
       "      <td>-0.059397</td>\n",
       "      <td>0.762776</td>\n",
       "      <td>0.876448</td>\n",
       "      <td>0.435152</td>\n",
       "      <td>0.318140</td>\n",
       "      <td>0.055303</td>\n",
       "      <td>-0.199793</td>\n",
       "      <td>0.052178</td>\n",
       "      <td>0.241200</td>\n",
       "      <td>0.756400</td>\n",
       "      <td>0.184337</td>\n",
       "    </tr>\n",
       "    <tr>\n",
       "      <th>sqft_lot</th>\n",
       "      <td>0.089885</td>\n",
       "      <td>0.033602</td>\n",
       "      <td>0.088368</td>\n",
       "      <td>0.173449</td>\n",
       "      <td>1.000000</td>\n",
       "      <td>-0.004824</td>\n",
       "      <td>0.021631</td>\n",
       "      <td>0.074897</td>\n",
       "      <td>-0.008806</td>\n",
       "      <td>0.114726</td>\n",
       "      <td>0.184134</td>\n",
       "      <td>0.015424</td>\n",
       "      <td>0.052939</td>\n",
       "      <td>0.007684</td>\n",
       "      <td>-0.129582</td>\n",
       "      <td>-0.085507</td>\n",
       "      <td>0.230222</td>\n",
       "      <td>0.144756</td>\n",
       "      <td>0.718203</td>\n",
       "    </tr>\n",
       "    <tr>\n",
       "      <th>floors</th>\n",
       "      <td>0.256831</td>\n",
       "      <td>0.183707</td>\n",
       "      <td>0.502574</td>\n",
       "      <td>0.353941</td>\n",
       "      <td>-0.004824</td>\n",
       "      <td>1.000000</td>\n",
       "      <td>0.023752</td>\n",
       "      <td>0.028801</td>\n",
       "      <td>-0.264013</td>\n",
       "      <td>0.458783</td>\n",
       "      <td>0.523970</td>\n",
       "      <td>-0.245694</td>\n",
       "      <td>0.489175</td>\n",
       "      <td>0.006418</td>\n",
       "      <td>-0.059522</td>\n",
       "      <td>0.049280</td>\n",
       "      <td>0.125912</td>\n",
       "      <td>0.280072</td>\n",
       "      <td>-0.010734</td>\n",
       "    </tr>\n",
       "    <tr>\n",
       "      <th>waterfront</th>\n",
       "      <td>0.266438</td>\n",
       "      <td>-0.006869</td>\n",
       "      <td>0.063742</td>\n",
       "      <td>0.103853</td>\n",
       "      <td>0.021631</td>\n",
       "      <td>0.023752</td>\n",
       "      <td>1.000000</td>\n",
       "      <td>0.401970</td>\n",
       "      <td>0.016624</td>\n",
       "      <td>0.082886</td>\n",
       "      <td>0.072106</td>\n",
       "      <td>0.080562</td>\n",
       "      <td>-0.026157</td>\n",
       "      <td>0.092872</td>\n",
       "      <td>0.030274</td>\n",
       "      <td>-0.014302</td>\n",
       "      <td>-0.041908</td>\n",
       "      <td>0.086505</td>\n",
       "      <td>0.030780</td>\n",
       "    </tr>\n",
       "    <tr>\n",
       "      <th>view</th>\n",
       "      <td>0.397323</td>\n",
       "      <td>0.082437</td>\n",
       "      <td>0.188381</td>\n",
       "      <td>0.284704</td>\n",
       "      <td>0.074897</td>\n",
       "      <td>0.028801</td>\n",
       "      <td>0.401970</td>\n",
       "      <td>1.000000</td>\n",
       "      <td>0.046041</td>\n",
       "      <td>0.251722</td>\n",
       "      <td>0.167600</td>\n",
       "      <td>0.277090</td>\n",
       "      <td>-0.053649</td>\n",
       "      <td>0.103948</td>\n",
       "      <td>0.084629</td>\n",
       "      <td>0.005884</td>\n",
       "      <td>-0.078120</td>\n",
       "      <td>0.280674</td>\n",
       "      <td>0.072900</td>\n",
       "    </tr>\n",
       "    <tr>\n",
       "      <th>condition</th>\n",
       "      <td>0.036000</td>\n",
       "      <td>0.023440</td>\n",
       "      <td>-0.126443</td>\n",
       "      <td>-0.059397</td>\n",
       "      <td>-0.008806</td>\n",
       "      <td>-0.264013</td>\n",
       "      <td>0.016624</td>\n",
       "      <td>0.046041</td>\n",
       "      <td>1.000000</td>\n",
       "      <td>-0.146854</td>\n",
       "      <td>-0.158826</td>\n",
       "      <td>0.173801</td>\n",
       "      <td>-0.361555</td>\n",
       "      <td>-0.060772</td>\n",
       "      <td>0.002835</td>\n",
       "      <td>-0.015209</td>\n",
       "      <td>-0.105800</td>\n",
       "      <td>-0.092979</td>\n",
       "      <td>-0.003093</td>\n",
       "    </tr>\n",
       "    <tr>\n",
       "      <th>grade</th>\n",
       "      <td>0.667935</td>\n",
       "      <td>0.366174</td>\n",
       "      <td>0.665834</td>\n",
       "      <td>0.762776</td>\n",
       "      <td>0.114726</td>\n",
       "      <td>0.458783</td>\n",
       "      <td>0.082886</td>\n",
       "      <td>0.251722</td>\n",
       "      <td>-0.146854</td>\n",
       "      <td>1.000000</td>\n",
       "      <td>0.756069</td>\n",
       "      <td>0.168240</td>\n",
       "      <td>0.447854</td>\n",
       "      <td>0.014256</td>\n",
       "      <td>-0.185761</td>\n",
       "      <td>0.113602</td>\n",
       "      <td>0.200324</td>\n",
       "      <td>0.713863</td>\n",
       "      <td>0.120974</td>\n",
       "    </tr>\n",
       "    <tr>\n",
       "      <th>sqft_above</th>\n",
       "      <td>0.605395</td>\n",
       "      <td>0.492543</td>\n",
       "      <td>0.686664</td>\n",
       "      <td>0.876448</td>\n",
       "      <td>0.184134</td>\n",
       "      <td>0.523970</td>\n",
       "      <td>0.072106</td>\n",
       "      <td>0.167600</td>\n",
       "      <td>-0.158826</td>\n",
       "      <td>0.756069</td>\n",
       "      <td>1.000000</td>\n",
       "      <td>-0.052130</td>\n",
       "      <td>0.424017</td>\n",
       "      <td>0.023242</td>\n",
       "      <td>-0.261557</td>\n",
       "      <td>-0.001160</td>\n",
       "      <td>0.344819</td>\n",
       "      <td>0.731756</td>\n",
       "      <td>0.195069</td>\n",
       "    </tr>\n",
       "    <tr>\n",
       "      <th>sqft_basement</th>\n",
       "      <td>0.323772</td>\n",
       "      <td>0.309261</td>\n",
       "      <td>0.283459</td>\n",
       "      <td>0.435152</td>\n",
       "      <td>0.015424</td>\n",
       "      <td>-0.245694</td>\n",
       "      <td>0.080562</td>\n",
       "      <td>0.277090</td>\n",
       "      <td>0.173801</td>\n",
       "      <td>0.168240</td>\n",
       "      <td>-0.052130</td>\n",
       "      <td>1.000000</td>\n",
       "      <td>-0.133043</td>\n",
       "      <td>0.071240</td>\n",
       "      <td>0.074712</td>\n",
       "      <td>0.110389</td>\n",
       "      <td>-0.144525</td>\n",
       "      <td>0.200478</td>\n",
       "      <td>0.017559</td>\n",
       "    </tr>\n",
       "    <tr>\n",
       "      <th>yr_built</th>\n",
       "      <td>0.053995</td>\n",
       "      <td>0.160736</td>\n",
       "      <td>0.507166</td>\n",
       "      <td>0.318140</td>\n",
       "      <td>0.052939</td>\n",
       "      <td>0.489175</td>\n",
       "      <td>-0.026157</td>\n",
       "      <td>-0.053649</td>\n",
       "      <td>-0.361555</td>\n",
       "      <td>0.447854</td>\n",
       "      <td>0.424017</td>\n",
       "      <td>-0.133043</td>\n",
       "      <td>1.000000</td>\n",
       "      <td>-0.224919</td>\n",
       "      <td>-0.347199</td>\n",
       "      <td>-0.148340</td>\n",
       "      <td>0.409974</td>\n",
       "      <td>0.326353</td>\n",
       "      <td>0.070767</td>\n",
       "    </tr>\n",
       "    <tr>\n",
       "      <th>yr_renovated</th>\n",
       "      <td>0.126418</td>\n",
       "      <td>0.019160</td>\n",
       "      <td>0.050540</td>\n",
       "      <td>0.055303</td>\n",
       "      <td>0.007684</td>\n",
       "      <td>0.006418</td>\n",
       "      <td>0.092872</td>\n",
       "      <td>0.103948</td>\n",
       "      <td>-0.060772</td>\n",
       "      <td>0.014256</td>\n",
       "      <td>0.023242</td>\n",
       "      <td>0.071240</td>\n",
       "      <td>-0.224919</td>\n",
       "      <td>1.000000</td>\n",
       "      <td>0.064330</td>\n",
       "      <td>0.029360</td>\n",
       "      <td>-0.068330</td>\n",
       "      <td>-0.002704</td>\n",
       "      <td>0.007941</td>\n",
       "    </tr>\n",
       "    <tr>\n",
       "      <th>zipcode</th>\n",
       "      <td>-0.053443</td>\n",
       "      <td>-0.158588</td>\n",
       "      <td>-0.204778</td>\n",
       "      <td>-0.199793</td>\n",
       "      <td>-0.129582</td>\n",
       "      <td>-0.059522</td>\n",
       "      <td>0.030274</td>\n",
       "      <td>0.084629</td>\n",
       "      <td>0.002835</td>\n",
       "      <td>-0.185761</td>\n",
       "      <td>-0.261557</td>\n",
       "      <td>0.074712</td>\n",
       "      <td>-0.347199</td>\n",
       "      <td>0.064330</td>\n",
       "      <td>1.000000</td>\n",
       "      <td>0.266729</td>\n",
       "      <td>-0.564253</td>\n",
       "      <td>-0.279286</td>\n",
       "      <td>-0.147288</td>\n",
       "    </tr>\n",
       "    <tr>\n",
       "      <th>lat</th>\n",
       "      <td>0.306772</td>\n",
       "      <td>-0.011595</td>\n",
       "      <td>0.024301</td>\n",
       "      <td>0.052178</td>\n",
       "      <td>-0.085507</td>\n",
       "      <td>0.049280</td>\n",
       "      <td>-0.014302</td>\n",
       "      <td>0.005884</td>\n",
       "      <td>-0.015209</td>\n",
       "      <td>0.113602</td>\n",
       "      <td>-0.001160</td>\n",
       "      <td>0.110389</td>\n",
       "      <td>-0.148340</td>\n",
       "      <td>0.029360</td>\n",
       "      <td>0.266729</td>\n",
       "      <td>1.000000</td>\n",
       "      <td>-0.135340</td>\n",
       "      <td>0.048721</td>\n",
       "      <td>-0.086129</td>\n",
       "    </tr>\n",
       "    <tr>\n",
       "      <th>long</th>\n",
       "      <td>0.022103</td>\n",
       "      <td>0.136561</td>\n",
       "      <td>0.224889</td>\n",
       "      <td>0.241200</td>\n",
       "      <td>0.230222</td>\n",
       "      <td>0.125912</td>\n",
       "      <td>-0.041908</td>\n",
       "      <td>-0.078120</td>\n",
       "      <td>-0.105800</td>\n",
       "      <td>0.200324</td>\n",
       "      <td>0.344819</td>\n",
       "      <td>-0.144525</td>\n",
       "      <td>0.409974</td>\n",
       "      <td>-0.068330</td>\n",
       "      <td>-0.564253</td>\n",
       "      <td>-0.135340</td>\n",
       "      <td>1.000000</td>\n",
       "      <td>0.335601</td>\n",
       "      <td>0.255579</td>\n",
       "    </tr>\n",
       "    <tr>\n",
       "      <th>sqft_living15</th>\n",
       "      <td>0.585273</td>\n",
       "      <td>0.404532</td>\n",
       "      <td>0.569878</td>\n",
       "      <td>0.756400</td>\n",
       "      <td>0.144756</td>\n",
       "      <td>0.280072</td>\n",
       "      <td>0.086505</td>\n",
       "      <td>0.280674</td>\n",
       "      <td>-0.092979</td>\n",
       "      <td>0.713863</td>\n",
       "      <td>0.731756</td>\n",
       "      <td>0.200478</td>\n",
       "      <td>0.326353</td>\n",
       "      <td>-0.002704</td>\n",
       "      <td>-0.279286</td>\n",
       "      <td>0.048721</td>\n",
       "      <td>0.335601</td>\n",
       "      <td>1.000000</td>\n",
       "      <td>0.183506</td>\n",
       "    </tr>\n",
       "    <tr>\n",
       "      <th>sqft_lot15</th>\n",
       "      <td>0.082841</td>\n",
       "      <td>0.031892</td>\n",
       "      <td>0.088297</td>\n",
       "      <td>0.184337</td>\n",
       "      <td>0.718203</td>\n",
       "      <td>-0.010734</td>\n",
       "      <td>0.030780</td>\n",
       "      <td>0.072900</td>\n",
       "      <td>-0.003093</td>\n",
       "      <td>0.120974</td>\n",
       "      <td>0.195069</td>\n",
       "      <td>0.017559</td>\n",
       "      <td>0.070767</td>\n",
       "      <td>0.007941</td>\n",
       "      <td>-0.147288</td>\n",
       "      <td>-0.086129</td>\n",
       "      <td>0.255579</td>\n",
       "      <td>0.183506</td>\n",
       "      <td>1.000000</td>\n",
       "    </tr>\n",
       "  </tbody>\n",
       "</table>\n",
       "</div>"
      ],
      "text/plain": [
       "                  price  bedrooms  bathrooms  sqft_living  sqft_lot    floors  \\\n",
       "price          1.000000  0.315966   0.525915     0.701921  0.089885  0.256831   \n",
       "bedrooms       0.315966  1.000000   0.527870     0.593178  0.033602  0.183707   \n",
       "bathrooms      0.525915  0.527870   1.000000     0.755755  0.088368  0.502574   \n",
       "sqft_living    0.701921  0.593178   0.755755     1.000000  0.173449  0.353941   \n",
       "sqft_lot       0.089885  0.033602   0.088368     0.173449  1.000000 -0.004824   \n",
       "floors         0.256831  0.183707   0.502574     0.353941 -0.004824  1.000000   \n",
       "waterfront     0.266438 -0.006869   0.063742     0.103853  0.021631  0.023752   \n",
       "view           0.397323  0.082437   0.188381     0.284704  0.074897  0.028801   \n",
       "condition      0.036000  0.023440  -0.126443    -0.059397 -0.008806 -0.264013   \n",
       "grade          0.667935  0.366174   0.665834     0.762776  0.114726  0.458783   \n",
       "sqft_above     0.605395  0.492543   0.686664     0.876448  0.184134  0.523970   \n",
       "sqft_basement  0.323772  0.309261   0.283459     0.435152  0.015424 -0.245694   \n",
       "yr_built       0.053995  0.160736   0.507166     0.318140  0.052939  0.489175   \n",
       "yr_renovated   0.126418  0.019160   0.050540     0.055303  0.007684  0.006418   \n",
       "zipcode       -0.053443 -0.158588  -0.204778    -0.199793 -0.129582 -0.059522   \n",
       "lat            0.306772 -0.011595   0.024301     0.052178 -0.085507  0.049280   \n",
       "long           0.022103  0.136561   0.224889     0.241200  0.230222  0.125912   \n",
       "sqft_living15  0.585273  0.404532   0.569878     0.756400  0.144756  0.280072   \n",
       "sqft_lot15     0.082841  0.031892   0.088297     0.184337  0.718203 -0.010734   \n",
       "\n",
       "               waterfront      view  condition     grade  sqft_above  \\\n",
       "price            0.266438  0.397323   0.036000  0.667935    0.605395   \n",
       "bedrooms        -0.006869  0.082437   0.023440  0.366174    0.492543   \n",
       "bathrooms        0.063742  0.188381  -0.126443  0.665834    0.686664   \n",
       "sqft_living      0.103853  0.284704  -0.059397  0.762776    0.876448   \n",
       "sqft_lot         0.021631  0.074897  -0.008806  0.114726    0.184134   \n",
       "floors           0.023752  0.028801  -0.264013  0.458783    0.523970   \n",
       "waterfront       1.000000  0.401970   0.016624  0.082886    0.072106   \n",
       "view             0.401970  1.000000   0.046041  0.251722    0.167600   \n",
       "condition        0.016624  0.046041   1.000000 -0.146854   -0.158826   \n",
       "grade            0.082886  0.251722  -0.146854  1.000000    0.756069   \n",
       "sqft_above       0.072106  0.167600  -0.158826  0.756069    1.000000   \n",
       "sqft_basement    0.080562  0.277090   0.173801  0.168240   -0.052130   \n",
       "yr_built        -0.026157 -0.053649  -0.361555  0.447854    0.424017   \n",
       "yr_renovated     0.092872  0.103948  -0.060772  0.014256    0.023242   \n",
       "zipcode          0.030274  0.084629   0.002835 -0.185761   -0.261557   \n",
       "lat             -0.014302  0.005884  -0.015209  0.113602   -0.001160   \n",
       "long            -0.041908 -0.078120  -0.105800  0.200324    0.344819   \n",
       "sqft_living15    0.086505  0.280674  -0.092979  0.713863    0.731756   \n",
       "sqft_lot15       0.030780  0.072900  -0.003093  0.120974    0.195069   \n",
       "\n",
       "               sqft_basement  yr_built  yr_renovated   zipcode       lat  \\\n",
       "price               0.323772  0.053995      0.126418 -0.053443  0.306772   \n",
       "bedrooms            0.309261  0.160736      0.019160 -0.158588 -0.011595   \n",
       "bathrooms           0.283459  0.507166      0.050540 -0.204778  0.024301   \n",
       "sqft_living         0.435152  0.318140      0.055303 -0.199793  0.052178   \n",
       "sqft_lot            0.015424  0.052939      0.007684 -0.129582 -0.085507   \n",
       "floors             -0.245694  0.489175      0.006418 -0.059522  0.049280   \n",
       "waterfront          0.080562 -0.026157      0.092872  0.030274 -0.014302   \n",
       "view                0.277090 -0.053649      0.103948  0.084629  0.005884   \n",
       "condition           0.173801 -0.361555     -0.060772  0.002835 -0.015209   \n",
       "grade               0.168240  0.447854      0.014256 -0.185761  0.113602   \n",
       "sqft_above         -0.052130  0.424017      0.023242 -0.261557 -0.001160   \n",
       "sqft_basement       1.000000 -0.133043      0.071240  0.074712  0.110389   \n",
       "yr_built           -0.133043  1.000000     -0.224919 -0.347199 -0.148340   \n",
       "yr_renovated        0.071240 -0.224919      1.000000  0.064330  0.029360   \n",
       "zipcode             0.074712 -0.347199      0.064330  1.000000  0.266729   \n",
       "lat                 0.110389 -0.148340      0.029360  0.266729  1.000000   \n",
       "long               -0.144525  0.409974     -0.068330 -0.564253 -0.135340   \n",
       "sqft_living15       0.200478  0.326353     -0.002704 -0.279286  0.048721   \n",
       "sqft_lot15          0.017559  0.070767      0.007941 -0.147288 -0.086129   \n",
       "\n",
       "                   long  sqft_living15  sqft_lot15  \n",
       "price          0.022103       0.585273    0.082841  \n",
       "bedrooms       0.136561       0.404532    0.031892  \n",
       "bathrooms      0.224889       0.569878    0.088297  \n",
       "sqft_living    0.241200       0.756400    0.184337  \n",
       "sqft_lot       0.230222       0.144756    0.718203  \n",
       "floors         0.125912       0.280072   -0.010734  \n",
       "waterfront    -0.041908       0.086505    0.030780  \n",
       "view          -0.078120       0.280674    0.072900  \n",
       "condition     -0.105800      -0.092979   -0.003093  \n",
       "grade          0.200324       0.713863    0.120974  \n",
       "sqft_above     0.344819       0.731756    0.195069  \n",
       "sqft_basement -0.144525       0.200478    0.017559  \n",
       "yr_built       0.409974       0.326353    0.070767  \n",
       "yr_renovated  -0.068330      -0.002704    0.007941  \n",
       "zipcode       -0.564253      -0.279286   -0.147288  \n",
       "lat           -0.135340       0.048721   -0.086129  \n",
       "long           1.000000       0.335601    0.255579  \n",
       "sqft_living15  0.335601       1.000000    0.183506  \n",
       "sqft_lot15     0.255579       0.183506    1.000000  "
      ]
     },
     "execution_count": 8,
     "metadata": {},
     "output_type": "execute_result"
    }
   ],
   "source": [
    "# create pandas correlation matrix\n",
    "sub.corr()"
   ]
  },
  {
   "cell_type": "code",
   "execution_count": 9,
   "id": "baa27055",
   "metadata": {},
   "outputs": [
    {
     "data": {
